-1.570796326794896558e+00
-1.215375125104672716e+00
-1.065435816510739153e+00
-9.484278382398756424e-01
-8.480620789814804494e-01
-7.580407654262355521e-01
-6.751315329370310980e-01
-5.974064166453496583e-01
-5.235987755982982605e-01
-4.528165947449248607e-01
-3.843967744956383048e-01
-3.178237039278799525e-01
-2.526802551420777587e-01
-1.886163861754031612e-01
-1.253278311680643964e-01
-6.254076179649033229e-02
1.130863886742583770e-15
6.254076179649259437e-02
1.253278311680666723e-01
1.886163861754054372e-01
2.526802551420800902e-01
3.178237039278823395e-01
3.843967744956407473e-01
4.528165947449273587e-01
5.235987755983008141e-01
5.974064166453523228e-01
6.751315329370340956e-01
7.580407654262385497e-01
8.480620789814840021e-01
9.484278382398794172e-01
1.065435816510743594e+00
1.215375125104679599e+00
