0.000000000000000000e+00
7.312499999999999556e-02
1.462499999999999911e-01
2.193749999999999867e-01
2.924999999999999822e-01
3.656249999999999778e-01
4.387499999999999734e-01
5.118749999999999689e-01
5.849999999999999645e-01
6.581249999999999600e-01
7.312499999999999556e-01
8.043749999999999512e-01
8.774999999999999467e-01
9.506249999999999423e-01
1.023749999999999938e+00
1.096874999999999822e+00
1.169999999999999929e+00
1.243125000000000036e+00
1.316249999999999920e+00
1.389374999999999805e+00
1.462499999999999911e+00
1.535625000000000018e+00
1.608749999999999902e+00
1.681874999999999787e+00
1.754999999999999893e+00
1.828125000000000000e+00
1.901249999999999885e+00
1.974374999999999769e+00
2.047499999999999876e+00
2.120624999999999982e+00
2.193749999999999645e+00
2.266874999999999751e+00
2.339999999999999858e+00
2.413124999999999964e+00
2.486250000000000071e+00
2.559374999999999734e+00
2.632499999999999840e+00
2.705624999999999947e+00
2.778749999999999609e+00
2.851874999999999716e+00
2.924999999999999822e+00
2.998124999999999929e+00
3.071250000000000036e+00
3.144374999999999698e+00
3.217499999999999805e+00
3.290624999999999911e+00
3.363749999999999574e+00
3.436874999999999680e+00
3.509999999999999787e+00
3.583124999999999893e+00
3.656250000000000000e+00
3.729374999999999662e+00
3.802499999999999769e+00
3.875624999999999876e+00
3.948749999999999538e+00
4.021874999999999645e+00
4.094999999999999751e+00
4.168124999999999858e+00
4.241249999999999964e+00
4.314375000000000071e+00
4.387499999999999289e+00
4.460624999999999396e+00
4.533749999999999503e+00
4.606874999999999609e+00
4.679999999999999716e+00
4.753124999999999822e+00
4.826249999999999929e+00
4.899375000000000036e+00
4.972500000000000142e+00
5.045624999999999361e+00
5.118749999999999467e+00
5.191874999999999574e+00
5.264999999999999680e+00
5.338124999999999787e+00
5.411249999999999893e+00
5.484375000000000000e+00
5.557499999999999218e+00
5.630624999999999325e+00
5.703749999999999432e+00
5.776874999999999538e+00
5.849999999999999645e+00
5.923124999999999751e+00
5.996249999999999858e+00
6.069374999999999964e+00
6.142500000000000071e+00
6.215624999999999289e+00
6.288749999999999396e+00
6.361874999999999503e+00
6.434999999999999609e+00
6.508124999999999716e+00
6.581249999999999822e+00
6.654374999999999929e+00
6.727499999999999147e+00
6.800624999999999254e+00
6.873749999999999361e+00
6.946874999999999467e+00
7.019999999999999574e+00
7.093124999999999680e+00
7.166249999999999787e+00
7.239374999999999893e+00
7.312500000000000000e+00
7.385624999999999218e+00
7.458749999999999325e+00
7.531874999999999432e+00
7.604999999999999538e+00
7.678124999999999645e+00
7.751249999999999751e+00
7.824374999999999858e+00
7.897499999999999076e+00
7.970624999999999183e+00
8.043749999999999289e+00
8.116875000000000284e+00
8.189999999999999503e+00
8.263124999999998721e+00
8.336249999999999716e+00
8.409374999999998934e+00
8.482499999999999929e+00
8.555624999999999147e+00
8.628750000000000142e+00
8.701874999999999361e+00
8.774999999999998579e+00
8.848124999999999574e+00
8.921249999999998792e+00
8.994374999999999787e+00
9.067499999999999005e+00
9.140625000000000000e+00
9.213749999999999218e+00
9.286875000000000213e+00
9.359999999999999432e+00
9.433124999999998650e+00
9.506249999999999645e+00
9.579374999999998863e+00
9.652499999999999858e+00
9.725624999999999076e+00
9.798750000000000071e+00
9.871874999999999289e+00
9.945000000000000284e+00
1.001812499999999950e+01
1.009124999999999872e+01
1.016437499999999972e+01
1.023749999999999893e+01
1.031062499999999993e+01
1.038374999999999915e+01
1.045687500000000014e+01
1.052999999999999936e+01
1.060312499999999858e+01
1.067624999999999957e+01
1.074937499999999879e+01
1.082249999999999979e+01
1.089562499999999901e+01
1.096875000000000000e+01
1.104187499999999922e+01
1.111499999999999844e+01
1.118812499999999943e+01
1.126124999999999865e+01
1.133437499999999964e+01
1.140749999999999886e+01
1.148062499999999986e+01
1.155374999999999908e+01
1.162687500000000007e+01
1.169999999999999929e+01
1.177312499999999851e+01
1.184624999999999950e+01
1.191937499999999872e+01
1.199249999999999972e+01
1.206562499999999893e+01
1.213874999999999993e+01
1.221187499999999915e+01
1.228500000000000014e+01
1.235812499999999936e+01
1.243124999999999858e+01
1.250437499999999957e+01
1.257749999999999879e+01
1.265062499999999979e+01
1.272374999999999901e+01
1.279687500000000000e+01
1.286999999999999922e+01
1.294312499999999844e+01
1.301624999999999943e+01
1.308937499999999865e+01
1.316249999999999964e+01
1.323562499999999886e+01
1.330874999999999986e+01
1.338187499999999908e+01
1.345499999999999829e+01
1.352812499999999929e+01
1.360124999999999851e+01
1.367437499999999950e+01
1.374749999999999872e+01
1.382062499999999972e+01
1.389374999999999893e+01
1.396687499999999993e+01
1.403999999999999915e+01
1.411312499999999837e+01
1.418624999999999936e+01
1.425937499999999858e+01
1.433249999999999957e+01
1.440562499999999879e+01
1.447874999999999979e+01
1.455187499999999901e+01
1.462500000000000000e+01
1.469812499999999922e+01
1.477124999999999844e+01
1.484437499999999943e+01
1.491749999999999865e+01
1.499062499999999964e+01
1.506374999999999886e+01
1.513687499999999986e+01
1.520999999999999908e+01
1.528312499999999829e+01
1.535624999999999929e+01
1.542937499999999851e+01
1.550249999999999950e+01
1.557562499999999872e+01
1.564874999999999972e+01
1.572187499999999893e+01
1.579499999999999815e+01
1.586812499999999915e+01
1.594124999999999837e+01
1.601437499999999758e+01
1.608749999999999858e+01
1.616062499999999957e+01
1.623375000000000057e+01
1.630687499999999801e+01
1.637999999999999901e+01
1.645312500000000000e+01
1.652624999999999744e+01
1.659937499999999844e+01
1.667249999999999943e+01
1.674562500000000043e+01
1.681874999999999787e+01
1.689187499999999886e+01
1.696499999999999986e+01
1.703812499999999730e+01
1.711124999999999829e+01
1.718437499999999929e+01
1.725750000000000028e+01
1.733062499999999773e+01
1.740374999999999872e+01
1.747687499999999972e+01
1.754999999999999716e+01
1.762312499999999815e+01
1.769624999999999915e+01
1.776937500000000014e+01
1.784249999999999758e+01
1.791562499999999858e+01
1.798874999999999957e+01
1.806187500000000057e+01
1.813499999999999801e+01
1.820812499999999901e+01
1.828125000000000000e+01
1.835437499999999744e+01
1.842749999999999844e+01
1.850062499999999943e+01
1.857375000000000043e+01
1.864687499999999787e+01
